%Variable Definitions

x = [33.4 32.5 30.0 29.9 16.6 21.1 29.0 18.7 29.5 31.1 33.7 17.0 16.8 30.5 25.4...
    24.0 26.1 28.6 21.7 15.3 41.3 13.9 28.8 24.4 35.7 18.9 20.5 20.2 20.5 23.1 ...
    30.6 36.4 17.1 28.4 44.0 12.2 16.7 10.9]
y = [7.3 7.0 6.9 7.3 6.7 6.6 7.5 5.6 7.5 6.4 7.0 5.2 5.3 7.5 7.0 7.2 5.9 5.9 ...
    5.9 5.9 6.9 6.6 7.4 7.3 7.5 6.0 5.2 6.1 5.8 6.4 7.3 7.5 5.5 6.7 6.9 6.6 6 ... 
    4.8]
